1 1 1337 370370.5334,3497869.6521 6 1 ST-DEPLOY yes mock1 1
2 2 1337 370370.5334,3497869.6521 3 1 ST-DEPLOY yes mock2 1
3 3 1337 370370.5334,3497869.6521 9 1 ST-DEPLOY yes mock1 1
4 4 1337 370370.5334,3497869.6521 12 1 ST-DEPLOY yes mock2 1
5 5 1337 370370.5334,3497869.6521 15 1 ST-DEPLOY yes mock1 1
6 6 1337 370370.5334,3497869.6521 18 1 ST-DEPLOY yes mock2 1
7 7 1337 370370.5334,3497869.6521 21 1 ST-DEPLOY yes mock1 1
8 8 1337 370370.5334,3497869.6521 24 1 ST-DEPLOY yes mock2 1
9 9 1337 0,0 30 10 SG-STOP yes mock2 1
11 11 1337 0,0 50 10 SG-SLOW yes mock2 1
10 10 1337 0,0 300 5 SG-DEPLOY yes mock2 1
12 8 1337 0,0 90 10 ST-STOP yes mock2 1
13 8 1337 0,0 105 10 ST-SLOW yes mock2 1
14 14 1337 370370.5334,3497869.6521 80 1 ST-DEPLOY yes mock2 1
15 15 1337 370370.5334,3497869.6521 85 1 ST-DEPLOY yes mock2 1
16 14 1337 0,0 88 10 ST-BLOCK yes mock2 1
17 17 1337 370370.5334,3497869.6521 110 5 SG-DEPLOY yes mock2 1
18 18 1337 370370.5334,3497869.6521 170 1 ST-DEPLOY yes mock1 1
19 19 1337 370370.5334,3497869.6521 173 1 ST-DEPLOY yes mock2 1
20 20 1337 370370.5334,3497869.6521 176 1 ST-DEPLOY yes mock1 1
21 21 1337 370370.5334,3497869.6521 179 1 ST-DEPLOY yes mock2 1
22 22 1337 -106.424409,31.71248 170 30 SG-BLOCK yes mock2 1